 ---------------------------------------------------------------
 Vortex Lattice Output -- Total Forces

 Configuration: STARTG01                                                    
     # Surfaces =   5
     # Strips   = 148
     # Vortices =2180

  Sref =  831.52       Cref =  7.5949       Bref =  120.77    
  Xref =  3.3837       Yref =  0.0000       Zref =  0.0000    

 Standard axis orientation,  X fwd, Z down         

 Run case:  -unnamed-                              

  Alpha =  13.79001     pb/2V =  -0.00000     p'b/2V =  -0.00000
  Beta  =   0.00000     qc/2V =  -0.00000
  Mach  =     0.000     rb/2V =  -0.00000     r'b/2V =  -0.00000

  CXtot =   0.52745     Cltot =  -0.00034     Cl'tot =   0.00051
  CYtot =  -0.01132     Cmtot =   0.00000
  CZtot =  -3.26849     Cntot =   0.00352     Cn'tot =   0.00350

  CLtot =   3.30000
  CDtot =   0.26684
  CDvis =   0.00000     CDind = 0.2668417
  CLff  =   3.35628     CDff  = 0.2704558    | Trefftz
  CYff  =  -0.01029         e =    0.7559    | Plane  

   inboard_slat    =   0.00000
   inboard_flap    =  45.00000
   outboard_slat   =   0.00000
   outboard_flap   =  45.00000
   elevator        = -28.13609

 ---------------------------------------------------------------
